000000000000000000000000000000;
000000000000000000000000000000;
000000000000000000000001000000;
000000000000000000000001000000;
000000000000000000000111110000;
000000000000000000000001000000;
111111111111110000000001000000;
000000000000010000000000000000;
000000000000010000000000000000;
000000000000010000000000000000;
000000000000010000000000000000;
000000000000000000000000000000;
000000000000000000000000000000;
000000000000000000000000000000;
000000000000010000000000000000;
000000000000010000000000000000;
000000000000010000000000000000;
000000000000010000000000000000;
111111111111111111110000111111;
000000000000000000000000000000;
000000000000000000000000000000;
000000000000000000000000000000;
000000000000000000000000000000;
000000000000000000000000000000;
000000000000000000000000000000;
000001000000000000010000000000;
000001000000000000010000000000;
000001000000000000010000000000;
000001000000000000010000000000;
000001000000000000010000000000